wszystkie kontakty 
20
134 	84 	76 	49 	70 	137 	120 	86 	44 	47 	58 	54 	29 	26 	11 	14 	1 	2 	0 	0 	
20
58 	641 	162 	41 	36 	92 	142 	96 	68 	59 	47 	48 	32 	18 	17 	10 	6 	2 	0 	0 	
20
21 	105 	1258 	225 	62 	83 	118 	122 	95 	70 	46 	28 	24 	15 	16 	13 	3 	4 	1 	1 	
20
10 	30 	103 	1236 	172 	82 	90 	108 	119 	98 	52 	25 	26 	20 	13 	5 	4 	1 	0 	0 	
20
13 	6 	18 	130 	382 	159 	97 	69 	68 	60 	73 	48 	21 	6 	10 	4 	3 	1 	0 	0 	
20
24 	16 	15 	43 	144 	206 	131 	86 	82 	67 	80 	46 	27 	14 	12 	6 	5 	1 	0 	0 	
20
23 	45 	49 	33 	71 	139 	144 	100 	88 	83 	68 	34 	36 	11 	6 	8 	4 	0 	0 	0 	
20
14 	48 	42 	80 	87 	155 	166 	191 	116 	94 	65 	54 	36 	33 	15 	19 	9 	1 	0 	0 	
20
7 	35 	43 	73 	98 	112 	110 	109 	153 	97 	64 	42 	35 	21 	21 	13 	0 	0 	0 	0 	
20
8 	10 	16 	69 	88 	107 	88 	81 	91 	137 	95 	37 	25 	19 	18 	16 	5 	1 	1 	0 	
20
19 	15 	23 	58 	90 	120 	100 	77 	106 	108 	98 	58 	32 	12 	16 	14 	7 	6 	1 	0 	
20
14 	31 	26 	41 	63 	85 	83 	66 	61 	72 	87 	121 	52 	35 	19 	14 	9 	2 	4 	0 	
20
15 	16 	15 	31 	39 	65 	77 	60 	63 	33 	33 	65 	66 	38 	16 	9 	9 	4 	0 	0 	
20
5 	11 	11 	15 	15 	34 	35 	27 	42 	23 	24 	17 	12 	18 	12 	6 	2 	0 	0 	0 	
20
1 	7 	8 	8 	8 	6 	10 	15 	15 	16 	18 	9 	15 	13 	13 	11 	1 	1 	0 	0 	
20
3 	1 	2 	5 	2 	2 	4 	7 	4 	8 	6 	3 	2 	2 	8 	6 	0 	0 	0 	0 	
20
3 	1 	2 	1 	1 	0 	2 	2 	7 	4 	2 	4 	2 	4 	1 	0 	1 	0 	0 	0 	
20
0 	0 	0 	0 	0 	0 	0 	0 	0 	0 	0 	0 	0 	0 	0 	0 	0 	0 	0 	0 	
20
2 	0 	0 	0 	1 	1 	0 	1 	0 	1 	0 	3 	1 	0 	0 	0 	0 	0 	0 	0 	
20
0 	0 	0 	0 	0 	0 	0 	0 	0 	0 	0 	0 	0 	0 	0 	0 	0 	0 	0 	0 	
kontakty STALE
20
103 	56 	56 	33 	51 	103 	80 	65 	24 	31 	44 	43 	24 	22 	7 	12 	0 	2 	0 	0 	
20
45 	601 	129 	25 	17 	71 	115 	70 	43 	43 	32 	37 	23 	11 	11 	8 	5 	2 	0 	0 	
20
14 	77 	1211 	173 	33 	56 	95 	94 	81 	54 	39 	18 	14 	9 	10 	11 	3 	2 	1 	0 	
20
6 	22 	79 	1104 	109 	50 	61 	84 	91 	72 	39 	16 	12 	10 	7 	3 	1 	0 	0 	0 	
20
10 	3 	11 	96 	281 	97 	55 	37 	35 	43 	50 	33 	9 	2 	6 	3 	3 	0 	0 	0 	
20
22 	14 	11 	27 	100 	144 	82 	53 	43 	46 	57 	26 	16 	8 	8 	4 	3 	0 	0 	0 	
20
17 	36 	35 	18 	36 	96 	88 	70 	55 	53 	48 	21 	26 	5 	2 	6 	3 	0 	0 	0 	
20
12 	36 	37 	63 	54 	93 	101 	117 	75 	51 	43 	35 	18 	21 	10 	13 	6 	0 	0 	0 	
20
5 	26 	32 	56 	68 	67 	61 	64 	87 	66 	43 	28 	23 	15 	11 	11 	0 	0 	0 	0 	
20
5 	2 	12 	59 	60 	69 	51 	46 	53 	95 	67 	23 	19 	11 	13 	14 	2 	0 	0 	0 	
20
14 	10 	14 	44 	53 	81 	52 	52 	57 	64 	67 	30 	15 	5 	5 	10 	3 	5 	1 	0 	
20
11 	23 	11 	24 	37 	43 	44 	30 	37 	39 	60 	78 	26 	21 	6 	5 	9 	0 	4 	0 	
20
12 	12 	11 	19 	23 	47 	50 	32 	38 	25 	15 	44 	41 	27 	10 	6 	6 	3 	0 	0 	
20
4 	9 	8 	5 	10 	23 	23 	18 	24 	11 	15 	7 	9 	9 	6 	4 	1 	0 	0 	0 	
20
0 	4 	4 	5 	4 	3 	5 	11 	12 	9 	8 	3 	6 	3 	9 	6 	1 	0 	0 	0 	
20
2 	0 	1 	5 	2 	2 	3 	7 	3 	7 	4 	1 	1 	2 	7 	3 	0 	0 	0 	0 	
20
2 	1 	0 	0 	1 	0 	2 	1 	3 	2 	2 	4 	2 	2 	1 	0 	1 	0 	0 	0 	
20
0 	0 	0 	0 	0 	0 	0 	0 	0 	0 	0 	0 	0 	0 	0 	0 	0 	0 	0 	0 	
20
0 	0 	0 	0 	1 	1 	0 	0 	0 	1 	0 	1 	1 	0 	0 	0 	0 	0 	0 	0 	
20
0 	0 	0 	0 	0 	0 	0 	0 	0 	0 	0 	0 	0 	0 	0 	0 	0 	0 	0 	0 	
kontakty SPORADYCZNE
20
16 	18 	11 	11 	12 	22 	22 	14 	10 	9 	7 	6 	0 	3 	1 	0 	0 	0 	0 	0 	
20
8 	23 	21 	11 	11 	13 	20 	16 	14 	8 	13 	9 	4 	6 	4 	0 	1 	0 	0 	0 	
20
4 	21 	28 	30 	12 	11 	12 	14 	5 	10 	4 	5 	5 	2 	3 	2 	0 	0 	0 	0 	
20
2 	7 	14 	76 	35 	15 	14 	16 	15 	16 	5 	5 	9 	9 	4 	2 	2 	1 	0 	0 	
20
2 	2 	4 	18 	70 	34 	21 	19 	18 	12 	15 	10 	4 	1 	2 	0 	0 	1 	0 	0 	
20
2 	2 	2 	7 	21 	29 	20 	17 	14 	12 	9 	10 	2 	4 	2 	2 	1 	1 	0 	0 	
20
3 	7 	10 	7 	16 	26 	28 	16 	15 	16 	12 	5 	6 	3 	3 	1 	0 	0 	0 	0 	
20
2 	12 	2 	13 	14 	37 	35 	49 	22 	20 	11 	8 	7 	7 	2 	1 	1 	1 	0 	0 	
20
2 	9 	10 	11 	18 	16 	25 	18 	40 	9 	12 	9 	10 	4 	6 	0 	0 	0 	0 	0 	
20
3 	7 	4 	8 	16 	22 	18 	19 	23 	24 	18 	9 	4 	8 	4 	2 	3 	0 	1 	0 	
20
3 	1 	6 	5 	15 	21 	20 	10 	23 	21 	14 	14 	7 	4 	5 	4 	3 	0 	0 	0 	
20
1 	5 	9 	9 	17 	29 	24 	24 	11 	18 	18 	26 	15 	7 	8 	6 	0 	2 	0 	0 	
20
2 	2 	2 	7 	8 	11 	15 	16 	18 	4 	13 	11 	16 	6 	5 	1 	3 	0 	0 	0 	
20
1 	1 	1 	5 	3 	11 	6 	5 	10 	5 	3 	8 	0 	7 	6 	2 	1 	0 	0 	0 	
20
1 	1 	2 	1 	4 	3 	4 	2 	3 	4 	5 	3 	4 	4 	2 	4 	0 	1 	0 	0 	
20
1 	0 	0 	0 	0 	0 	1 	0 	1 	0 	2 	2 	1 	0 	0 	2 	0 	0 	0 	0 	
20
0 	0 	1 	1 	0 	0 	0 	0 	2 	1 	0 	0 	0 	2 	0 	0 	0 	0 	0 	0 	
20
0 	0 	0 	0 	0 	0 	0 	0 	0 	0 	0 	0 	0 	0 	0 	0 	0 	0 	0 	0 	
20
2 	0 	0 	0 	0 	0 	0 	1 	0 	0 	0 	1 	0 	0 	0 	0 	0 	0 	0 	0 	
20
0 	0 	0 	0 	0 	0 	0 	0 	0 	0 	0 	0 	0 	0 	0 	0 	0 	0 	0 	0 	
kontakty PRZYPADKOWE
20
14 	10 	8 	5 	7 	12 	16 	6 	9 	7 	7 	5 	5 	1 	3 	2 	1 	0 	0 	0 	
20
4 	9 	6 	3 	8 	7 	5 	10 	10 	8 	2 	1 	5 	1 	2 	2 	0 	0 	0 	0 	
20
3 	5 	10 	20 	17 	16 	11 	11 	9 	6 	3 	4 	5 	4 	3 	0 	0 	2 	0 	1 	
20
2 	1 	10 	32 	24 	16 	11 	8 	13 	10 	8 	2 	3 	1 	2 	0 	1 	0 	0 	0 	
20
1 	1 	3 	14 	18 	27 	21 	13 	15 	5 	8 	5 	8 	3 	2 	1 	0 	0 	0 	0 	
20
0 	0 	2 	8 	22 	29 	29 	15 	25 	9 	14 	10 	9 	2 	2 	0 	1 	0 	0 	0 	
20
2 	1 	2 	8 	19 	16 	23 	13 	18 	14 	7 	7 	3 	3 	1 	0 	1 	0 	0 	0 	
20
0 	0 	1 	4 	18 	25 	30 	22 	15 	20 	11 	9 	10 	4 	3 	5 	1 	0 	0 	0 	
20
0 	0 	1 	6 	12 	29 	22 	26 	26 	22 	9 	5 	1 	2 	4 	2 	0 	0 	0 	0 	
20
0 	1 	0 	2 	12 	15 	17 	14 	13 	18 	9 	5 	2 	0 	1 	0 	0 	1 	0 	0 	
20
0 	3 	3 	6 	18 	17 	26 	15 	24 	21 	15 	11 	7 	2 	6 	0 	1 	1 	0 	0 	
20
2 	2 	6 	8 	9 	13 	15 	12 	13 	15 	8 	17 	9 	6 	4 	2 	0 	0 	0 	0 	
20
1 	1 	2 	5 	8 	6 	12 	11 	7 	4 	5 	10 	8 	5 	1 	2 	0 	1 	0 	0 	
20
0 	0 	1 	3 	2 	0 	6 	3 	4 	5 	1 	1 	2 	1 	0 	0 	0 	0 	0 	0 	
20
0 	0 	0 	0 	0 	0 	0 	2 	0 	2 	4 	2 	0 	1 	1 	1 	0 	0 	0 	0 	
20
0 	1 	1 	0 	0 	0 	0 	0 	0 	1 	0 	0 	0 	0 	1 	1 	0 	0 	0 	0 	
20
0 	0 	0 	0 	0 	0 	0 	1 	1 	0 	0 	0 	0 	0 	0 	0 	0 	0 	0 	0 	
20
0 	0 	0 	0 	0 	0 	0 	0 	0 	0 	0 	0 	0 	0 	0 	0 	0 	0 	0 	0 	
20
0 	0 	0 	0 	0 	0 	0 	0 	0 	0 	0 	1 	0 	0 	0 	0 	0 	0 	0 	0 	
20
0 	0 	0 	0 	0 	0 	0 	0 	0 	0 	0 	0 	0 	0 	0 	0 	0 	0 	0 	0 