

 rozklad liczby WSZYSTKICH kontaktow w funkcji wieku
35
8	0	2	7	8	12	5	9	10	8	8	4	2	2	2	4	0	3	2	2	1	2	1	1	0	0	1	1	0	1	0	0	0	0	1	

45
0	1	0	6	6	7	5	4	4	4	6	3	2	8	1	3	1	1	2	3	3	1	0	2	4	3	3	1	0	2	2	1	1	1	1	2	2	0	0	1	0	0	0	1	0	

45
0	0	1	0	3	3	4	1	3	1	4	3	6	1	2	5	0	2	3	3	0	0	6	2	3	1	1	1	3	2	5	0	1	0	4	2	1	4	3	1	1	2	0	0	1	

45
0	0	1	1	0	3	3	2	2	5	3	3	6	2	3	5	0	5	3	5	2	4	4	3	3	0	4	1	2	0	4	0	2	2	1	0	2	2	1	2	1	1	0	1	1	

45
0	1	1	0	1	2	1	2	1	3	3	3	3	2	2	2	2	2	2	4	0	0	4	0	2	2	1	2	0	2	0	1	3	2	0	0	0	0	0	0	1	0	0	1	0	

45
0	0	0	3	3	2	1	4	4	1	2	3	3	0	0	4	1	3	3	0	4	2	2	1	1	0	1	1	0	0	6	0	0	0	2	2	0	0	0	0	0	0	0	0	0	

45
0	0	1	0	1	3	6	5	2	3	1	5	4	1	1	2	2	5	3	2	1	1	1	1	1	0	0	1	1	1	1	0	0	1	0	0	1	0	0	0	0	0	0	0	0	

45
0	1	0	1	1	1	3	4	2	1	1	2	2	3	2	8	0	2	1	2	1	0	4	1	2	0	0	0	1	1	4	0	1	0	1	1	0	0	1	0	0	0	0	1	0	

45
0	0	0	3	2	5	2	5	2	3	2	4	2	3	3	2	0	0	1	1	1	2	0	1	1	2	2	2	0	1	0	0	1	2	3	0	1	0	0	0	0	0	0	0	0	

43
0	0	2	1	1	2	6	5	3	3	4	1	1	2	5	5	0	2	2	1	1	2	1	0	0	2	0	0	1	0	1	2	0	0	1	0	1	0	0	1	1	0	0	

45
0	1	1	0	2	3	1	5	1	4	4	2	4	3	0	5	3	4	2	4	0	1	1	2	0	0	1	0	1	0	1	1	0	1	1	0	1	0	0	0	0	0	0	0	0	

45
0	1	2	5	1	5	3	5	4	3	5	3	2	2	1	1	0	2	1	1	1	1	0	1	1	2	0	0	1	0	0	0	1	0	1	0	0	0	0	0	1	1	0	1	0	

45
0	2	1	5	4	4	5	3	4	4	5	1	0	3	1	7	1	1	2	0	0	0	2	0	0	0	0	0	1	0	1	0	0	0	0	0	0	0	0	0	0	0	0	0	0	

45
0	1	1	2	2	4	0	1	1	0	5	0	0	1	0	1	0	1	0	0	0	0	0	1	1	0	0	0	0	0	1	0	0	0	0	0	0	0	0	0	1	0	0	0	0	

21
0	0	0	0	1	2	1	2	0	2	1	0	0	1	1	3	0	0	0	0	1	

12
0	0	2	0	1	0	1	2	2	1	0	0	

9
0	2	0	1	0	2	1	1	0	

0


10
0	0	0	0	0	0	0	0	0	0	

0




 rozklad liczby STALYCH kontaktow w funkcji wieku
28
8	1	4	11	11	16	14	11	8	2	5	3	1	1	1	3	2	1	1	1	1	1	0	0	0	1	0	0	

45
3	2	4	7	8	8	4	6	1	8	3	2	2	4	1	3	0	2	4	2	2	4	1	2	4	1	2	1	0	0	2	0	1	1	2	1	0	0	0	0	0	0	0	1	0	

44
0	0	2	2	3	4	3	0	6	5	3	5	4	2	3	2	0	3	2	1	2	3	4	0	3	0	0	3	3	3	6	1	2	1	3	1	3	1	3	2	2	1	0	1	

45
0	0	1	5	4	1	4	6	4	2	6	7	6	3	3	3	2	2	2	3	1	3	5	3	2	0	0	4	1	1	4	1	2	1	2	0	1	1	0	1	0	1	1	1	1	

36
0	1	2	3	4	4	2	4	2	2	4	4	0	3	4	3	2	3	1	2	3	0	0	2	1	0	0	1	1	0	1	0	0	0	0	0	

29
0	1	2	4	5	5	3	3	6	2	3	4	1	3	2	1	1	1	4	0	0	2	0	2	0	1	1	0	2	

41
1	3	1	4	3	4	7	2	4	6	4	4	2	0	2	2	3	2	1	0	0	1	0	1	2	1	0	0	0	0	0	0	0	0	0	0	0	0	0	0	0	

45
0	1	0	5	2	8	4	7	3	0	3	4	1	1	3	2	0	2	2	1	0	0	1	1	1	3	3	1	0	0	0	0	0	0	1	0	1	0	0	0	0	0	0	0	0	

32
0	2	1	3	6	7	8	5	5	2	1	3	2	0	1	1	1	0	2	2	2	0	0	0	2	1	0	1	0	1	0	1	

34
0	2	2	6	5	2	8	1	4	4	3	3	5	4	0	2	1	2	2	0	0	0	1	0	1	1	0	0	1	0	0	0	0	0	

35
1	3	2	1	8	4	3	7	5	6	2	2	4	4	1	0	1	2	0	1	0	1	1	0	0	0	0	0	2	0	0	0	0	0	0	

34
0	5	4	6	7	3	8	5	5	4	1	0	1	2	1	2	0	1	1	1	0	2	0	1	0	0	0	0	0	0	1	0	0	0	

28
1	4	4	9	7	3	2	7	6	4	1	2	0	4	0	1	1	0	0	0	0	0	0	0	1	0	0	1	

37
0	1	3	5	4	2	1	3	0	1	1	1	0	1	0	0	0	0	0	0	0	0	0	0	0	0	0	0	0	0	0	1	0	0	0	0	0	

14
2	2	1	0	1	1	2	1	3	0	1	0	0	1	

12
0	2	1	1	1	1	1	1	0	1	0	0	

8
1	1	2	1	2	0	0	0	

0


5
0	0	0	0	0	

0




 rozklad liczby SPORADYCZNYCH kontaktow w funkcji wieku
15
56	19	10	8	5	5	1	0	3	1	0	0	0	0	0	

31
47	18	12	8	3	5	3	2	0	0	0	0	0	0	0	0	1	0	0	0	0	0	0	0	0	0	0	0	0	0	0	

11
46	18	11	6	4	7	2	0	2	0	2	

12
39	15	11	9	7	4	4	5	1	4	2	0	

28
14	9	5	8	8	3	6	2	1	0	1	0	1	0	0	0	1	0	0	1	0	0	0	0	0	0	0	0	

12
18	8	12	8	1	3	4	1	1	1	0	2	

21
19	9	9	4	4	3	5	4	2	1	0	0	0	0	0	0	0	0	0	0	0	

19
12	12	7	7	5	4	3	3	0	1	2	1	0	1	2	0	0	0	1	

14
19	10	6	7	1	3	4	4	1	1	3	1	0	1	

20
16	8	9	6	7	6	1	2	1	2	0	0	1	1	0	0	0	0	0	0	

19
18	11	8	8	5	3	0	3	1	2	0	1	0	1	0	0	0	0	0	

29
18	10	7	6	3	4	4	1	0	2	0	1	1	2	2	0	0	0	0	0	0	0	0	0	0	0	0	0	0	

16
22	8	9	6	4	1	4	0	1	3	0	0	0	0	0	0	

9
8	3	2	2	2	3	1	1	1	

11
5	1	3	1	1	1	3	0	0	0	0	

3
5	1	3	

4
4	3	0	0	

0


4
0	0	0	0	

0




 rozklad liczby PRZYPADKOWYCH kontaktow w funkcji wieku
16
71	19	5	4	4	1	1	0	1	0	0	0	1	0	1	0	

10
71	12	5	3	4	1	2	0	0	1	

19
65	14	4	3	3	3	0	2	0	2	1	1	0	0	0	0	0	0	0	

22
63	15	10	2	2	2	1	1	1	2	0	0	2	0	0	0	0	0	0	0	0	0	

13
25	11	6	4	4	1	3	1	2	0	0	2	0	

14
21	9	7	4	4	3	2	3	0	2	0	3	0	1	

24
28	11	8	4	2	0	2	0	1	2	0	0	0	1	0	0	1	0	0	0	0	0	0	0	

17
22	10	9	4	1	4	2	2	3	0	1	2	0	0	0	1	0	

17
27	7	4	8	2	6	3	0	0	0	1	0	0	1	0	0	2	

13
31	6	9	4	3	3	0	1	1	1	1	0	0	

18
22	10	8	2	4	3	7	1	1	0	1	1	0	0	0	0	0	1	

25
30	11	7	2	2	1	3	1	2	0	0	1	0	0	0	0	0	0	0	0	1	0	0	0	0	

18
34	9	6	2	2	2	1	0	0	1	0	1	0	0	0	0	0	0	

8
17	2	2	0	2	0	0	1	

4
10	2	2	1	

3
7	2	0	

1
6	

0


1
0	

0


